0.701469 2.16563 1
0.342651 1.6407 1
2.87884 1.08988 1
3.55363 3.50386 1
3.73262 0.703544 0
1.00583 2.19547 0
5.61263 2.59079 0
3.58823 1.23134 1
6.79002 3.70083 0
2.82289 0.220947 0
2.46458 0.468479 0
7.9505 0.21972 0
1.63391 1.71682 0
7.84378 0.948015 1
7.06282 2.00364 1
6.45698 2.22148 0
3.94999 3.71744 0
7.81762 3.46586 0
7.88495 2.05292 0
4.3677 0.829432 0
5.09092 0.264572 0
2.21647 1.39119 0
6.81236 2.3356 0
1.10572 1.4362 1
2.40596 3.45453 0
5.88105 0.247285 0
4.43911 2.36944 1
6.41969 0.522203 1
1.44989 3.69836 1
2.32603 1.39458 1
7.44188 0.499074 1
3.85444 0.452267 1
7.84385 0.746256 1
1.85897 2.45741 1
1.6388 0.523461 1
2.09536 2.99112 0
5.46975 1.99085 1
6.75987 2.13897 1
5.29314 3.58026 0
0.103707 2.22262 1
5.94773 3.83192 1
4.75759 0.571548 1
2.18982 2.63649 0
3.24846 1.01687 1
6.04698 3.52557 0
3.38583 0.627911 1
0.476975 0.894482 0
6.25387 0.631063 1
1.09798 3.1005 0
7.37003 1.05729 0
7.41679 1.36172 1
4.82851 2.83154 0
4.73367 1.90064 0
5.07541 1.30969 1
4.43736 1.32885 1
3.91496 3.3117 1
4.89065 1.43093 0
4.98042 3.56198 0
1.92628 1.84947 0
1.31837 1.18203 1
6.17112 0.62344 1
3.87073 3.49089 0
1.65307 3.45106 1
5.60814 0.946722 0
4.7259 2.7086 1
4.5734 2.32194 0
0.33865 2.57242 0
7.52936 3.41699 0
0.0555881 2.9562 1
4.89158 0.872517 0
0.661619 3.62108 1
1.17331 3.31015 0
4.04291 3.75704 1
4.26299 2.85736 1
2.84826 2.18653 1
3.16218 2.98671 0
3.89831 0.543011 1
2.79503 1.76032 0
2.78125 1.69148 1
2.0106 1.26444 1
2.16688 0.738948 1
7.2022 2.86394 0
2.04589 0.62779 1
7.28009 2.25853 1
5.55355 3.74746 1
3.13558 1.62688 0
6.63916 2.80349 1
0.124341 1.86656 0
5.22299 2.6811 0
3.1106 1.88064 0
5.01412 1.45966 0
7.37989 1.42925 1
2.43892 1.69384 0
6.64141 0.580366 1
6.71609 2.67848 0
1.08948 2.35004 1
2.02911 0.917718 1
5.55572 0.590509 1
4.05044 2.31943 1
7.47004 3.12988 0
