1000.71 2.16709 1
1000.35 1.65238 1
1002.89 1.09358 1
1003.57 3.5094 1
1003.74 0.687593 0
1001.01 2.20709 0
1005.6 2.5929 0
1003.58 1.22428 1
1006.78 3.75583 0
1002.82 0.13635 0
1002.46 0.460673 0
1007.94 0.133631 0
1001.64 1.71221 0
1007.84 0.933243 1
1007.05 2.01217 1
1006.47 2.22677 0
1003.97 3.76347 0
1007.8 3.47596 0
1007.87 2.05057 0
1004.37 0.830601 0
1005.09 0.199434 0
1002.27 1.39388 0
1006.81 2.33212 0
1001.12 1.43484 1
1002.4 3.46278 0
1005.88 0.175524 0
1004.45 2.37448 1
1006.41 0.52852 1
1001.46 3.74501 1
1002.28 1.39276 1
1007.45 0.494077 1
1003.86 0.457755 1
1007.84 0.757578 1
1001.87 2.45322 1
1001.66 0.51672 1
1002.09 2.98522 0
1005.46 1.99068 1
1006.77 2.15328 1
1005.29 3.60149 0
1000.12 2.21737 1
1005.95 3.92884 1
1004.76 0.5737 1
1002.18 2.63675 0
1003.24 1.02318 1
1006.03 3.54268 0
1003.39 0.635371 1
1000.47 0.897707 0
1006.23 0.623097 1
1001.1 3.11494 0
1007.38 1.06532 0
1007.4 1.38627 1
1004.82 2.82357 0
1004.73 1.89755 0
1005.07 1.32622 1
1004.45 1.32514 1
1003.9 3.34177 1
1004.91 1.4271 0
1004.98 3.57793 0
1001.93 1.83913 0
1001.33 1.19476 1
1006.18 0.617586 1
1003.89 3.49671 0
1001.64 3.4609 1
1005.61 0.935762 0
1004.73 2.70444 1
1004.56 2.32914 0
1000.34 2.56831 0
1007.53 3.41721 0
1000.07 2.95109 1
1004.9 0.875641 0
1000.67 3.65306 1
1001.18 3.30999 0
1004.03 3.80333 1
1004.26 2.85676 1
1002.85 2.16359 1
1003.16 2.99161 0
1003.89 0.524159 1
1002.8 1.74051 0
1002.79 1.69987 1
1002.02 1.27415 1
1002.15 0.741057 1
1007.2 2.86442 0
1002.06 0.642367 1
1007.27 2.25456 1
1005.56 3.81856 1
1003.12 1.62732 0
1006.65 2.79042 1
1000.13 1.86911 0
1005.22 2.68239 0
1003.09 1.86266 0
1005.01 1.44189 0
1007.39 1.40799 1
1002.45 1.68288 0
1006.62 0.568568 1
1006.72 2.67327 0
1001.08 2.33576 1
1002.04 0.917602 1
1005.56 0.59138 1
1004.07 2.32338 1
1007.46 3.14 0
1001.65 2.85862 0
1006.85 1.48176 1
1000.31 1.74491 0
1000.16 2.77535 1
1007.39 1.21044 0
1003.6 0.803545 1
1006.25 3.18281 0
1004.65 1.76974 1
1001.26 3.55972 0
1002.08 2.04922 0
1007.59 1.05145 0
1007.65 1.74381 1
1005.91 0.637386 1
1002.88 1.75146 1
1001.87 2.15601 1
1007.85 3.24235 1
1005.6 1.6815 1
1007.46 3.45138 1
1001.01 2.93391 1
1001.36 0.373242 1
1002.02 1.84232 0
1007.19 0.979254 0
1006.27 2.44556 1
1003.38 2.18786 0
1007.74 0.2248 0
1007.35 1.37353 1
1000.61 2.52454 0
1005.8 0.357994 0
1004.4 1.00523 1
1003.97 1.37939 1
1007.65 2.10726 1
1000.59 3.79592 1
1000.04 2.33634 0
1007.42 2.88946 0
1002.83 0.384519 1
1001.49 1.61966 1
1005.25 2.58017 0
1007.92 3.05908 1
1002.33 1.9099 0
1003.41 3.3002 0
1003.27 1.39049 0
1000.56 1.29932 1
1003.37 2.36623 1
1007.97 2.22595 1
1001.61 2.10612 0
1002.33 0.949275 0
1005.72 1.84756 1
1002.3 1.41892 0
1005.62 3.71496 1
1002.03 1.49445 1
1007.72 2.78907 1
1002.03 2.49367 0
1001.2 1.67749 1
1005.25 3.137 0
1001.97 3.88949 1
1002.62 0.342474 0
1000.11 1.04732 1
1005.08 3.99053 0
1005.56 0.894339 0
1006.78 0.706347 1
1004.77 0.202562 1
1006.68 1.84928 0
1003.48 0.547473 0
1001.78 3.37305 0
1000.84 2.37222 0
1004.73 1.78897 1
1005.37 3.6136 0
1000.64 2.5527 1
1005.51 3.81189 1
1003.32 2.21091 0
1005.52 0.875381 0
1000.5 1.61214 0
1007.97 2.61483 0
1000.81 0.99553 1
1001.22 0.426405 1
1005.96 3.21753 1
1006.06 3.34722 0
1003.12 2.24815 0
1006.25 2.53764 0
1000.3 0.560553 1
1006.35 3.6717 1
1001.33 1.97071 1
1004.79 3.82469 0
1006.08 1.83829 1
1002.37 2.9398 0
1002.38 2.85274 0
1002.78 3.02499 0
1007.17 3.72422 1
1006.79 0.155568 1
1004.25 1.00637 0
1001.66 3.54495 0
1002.77 1.01021 0
1007.9 0.707145 0
1007.12 0.372545 1
1006.8 1.13292 0
1001.71 0.164737 1
1000.64 0.084102 0
1002.18 1.65573 0
1002.4 0.869575 1
1003.76 3.73975 0
1000.89 2.46506 1
1005.68 0.417228 0
1003.1 3.44746 0
1007.22 2.96223 1
1006.09 2.97655 1
1001.26 1.34905 0
1004.44 3.85316 0
1007.19 1.56953 1
1000.07 0.895968 0
1002.63 1.00361 0
1000.9 2.32555 1
1002.58 3.93096 1
1005.82 2.37486 0
1007.45 2.52924 0
1004.76 1.78961 1
1006.72 3.96915 1
1001.73 2.06168 0
1006.13 3.37325 0
1003.4 2.31229 1
1004.49 3.57541 0
1003.9 3.79159 0
1004.64 2.06329 0
1007.71 1.65767 0
1003.25 0.693646 0
1005.51 0.87168 0
1000.49 1.71193 0
1000.05 0.9166 0
1000.98 0.250985 1
1000.09 0.10879 0
1004.34 3.73318 0
1002.78 1.74518 1
1004.88 3.84278 1
1001.43 2.1799 1
1007.78 0.351726 1
1002.54 3.83342 1
1000.17 1.60176 0
1003.42 0.319063 1
1000.1 1.55701 1
1006.6 3.14463 0
1005.97 1.97042 1
1000.3 1.94991 0
1004.6 3.56437 0
1006.8 2.14174 0
1007.49 1.5329 1
1003.7 2.09954 0
1007.31 3.24431 0
1004.78 3.80809 1
1003.56 3.63489 0
1003.17 1.73948 1
1002.61 1.9292 0
1000.14 0.78669 1
1004.64 3.79298 0
1003.79 2.6052 0
1003.7 1.42306 1
1002.46 1.20754 1
1001.68 2.69305 1
1000.87 2.90948 1
1001.68 1.77007 1
1005.11 2.62183 0
1004.83 1.99256 0
1001.2 3.12366 1
1001.09 2.36419 1
1007.14 0.300563 0
1005.99 1.72602 1
1001.27 1.15508 0
1005.85 3.60052 1
1004.44 3.10785 0
1002.2 3.40616 0
1005.06 2.80088 1
1002.33 2.8312 1
1006.26 1.64194 0
1006.74 3.99238 1
1002.29 2.71402 1
1004.63 3.86143 1
1005.94 3.91278 1
1006.64 2.11854 1
1001.84 1.91332 0
1001.49 1.7797 1
1006.84 3.97229 1
1007.93 3.55316 1
1004.53 0.270709 1
1000.26 2.73926 1
1005.3 2.29265 0
1000.82 0.938964 0
1005.7 0.745018 0
1005.05 2.23642 1
1004.42 1.47475 1
1002.06 3.52904 0
1007.6 0.470252 0
1006.42 0.995398 1
1006.58 2.2044 1
1006.29 3.65225 0
1000.79 0.444956 0
1005.36 1.06555 1
1005.08 1.60431 1
1002.27 2.34898 1
1005.64 2.74008 1
1007.47 3.89829 1
1004.21 3.72281 0
1006.75 3.7526 0
1000.4 0.83414 1
1003.8 3.56265 1
1002.33 2.8325 1
1002.36 2.87146 1
1003.22 0.0984067 1
1007.99 1.91976 1
1003.29 3.0933 1
1005.69 2.5871 0
1006.84 3.48426 1
1006.09 1.69143 1
1001.05 1.76908 0
1001.28 1.74759 0
1003.69 3.73561 0
1003.31 3.96963 0
1006.13 3.28748 0
1003.75 1.10552 1
1001.18 2.8747 1
1001.13 0.377651 0
1004.29 2.36472 0
1000.22 0.501616 0
1000.47 0.638437 1
1001.22 3.74308 0
1006.06 1.50611 1
1005.22 2.53214 0
1002.81 0.817707 1
1002.39 2.68864 0
1002.11 1.85851 1
1004.72 3.1687 1
1007.61 2.92501 1
1005.34 1.68048 0
1006.37 1.66606 0
1000.4 0.804748 1
1003.24 3.83773 0
1005.05 2.64106 0
1001 0.289256 0
1006.92 3.86941 0
1005.59 1.94699 1
1007.25 3.76652 0
1002.87 1.76495 1
1005.14 1.61191 0
1002.9 2.81385 1
1002.91 1.16986 0
1002.92 0.301147 0
1000.34 2.27121 1
1000.44 3.86247 0
1007.26 3.58864 0
1002.71 3.27199 0
1001.77 1.92818 0
1001.48 3.12539 0
1000.59 1.8653 1
1004.33 0.965575 0
1006.47 2.85361 0
1005.43 1.72945 1
1002.64 1.96035 0
1002.46 2.099 0
1000.05 2.71037 1
1003.67 2.75936 0
1001.25 3.11757 1
1000.17 2.55681 0
1002.82 2.43006 1
1000.32 2.07553 0
1000.07 1.87822 1
1007.95 2.74421 1
1002.91 3.83427 1
1005.19 3.73979 1
1005.71 1.30669 0
1007.73 3.13746 1
1003.14 1.03535 1
1006.22 3.87199 0
1003.5 3.3539 1
1004.2 3.79944 0
1007.27 2.50548 1
1004.49 0.264346 0
1003.14 3.45498 1
1005.18 2.3036 1
1006.68 0.108856 0
1007.96 1.09164 0
1000.89 2.01156 0
1003.62 1.19033 1
1007.39 0.939369 0
1002.41 1.11765 1
1001.15 3.08687 0
1002.78 2.91773 1
1006.05 1.21203 0
1004.61 0.775826 0
1005.57 0.196964 0
1002.77 3.38923 1
1000.66 1.71513 1
1005.67 2.06789 0
1002.31 0.516351 0
1006.87 1.89549 0
1006.22 2.4539 0
1006.46 2.20658 0
1004.81 1.45329 1
1001.69 0.658582 1
1004.75 3.89811 1
1003.93 3.01049 1
1007.05 3.18237 0
1002.16 0.940662 0
1006.79 2.8897 0
1002.19 1.75699 1
1006.42 3.25689 1
1007.83 0.164603 1
1000.13 3.92734 1
1005.88 0.107589 0
1006.58 2.81549 0
1007.51 2.84721 0
1003.47 2.14979 0
1007.81 2.41641 1
1003.35 1.62369 1
1003.58 0.39377 0
1000.64 3.37366 1
1006.96 1.02921 0
1007.69 3.14924 0
1003.99 3.69224 1
1003.68 0.526576 0
1005.89 0.899577 0
1005.05 0.0357133 0
1000.86 2.08306 0
1002.91 2.04228 1
1006.14 1.73318 1
1001.76 2.84822 1
1005.08 1.2686 0
1003.59 1.1788 0
1004.16 2.99713 0
1006.07 3.55955 1
1003.29 3.07575 1
1002.24 0.222476 0
1003.91 3.74649 0
1005.19 1.62275 0
1005.78 0.329202 0
1003.02 3.64891 1
1005.29 2.77918 0
1004.68 1.10121 1
1000.35 1.35415 1
1003.15 3.11798 0
1005.73 0.590228 0
1004.43 0.087327 0
1000.83 0.111968 1
1007.52 3.21558 0
1003.99 1.69892 1
1005.6 1.22704 0
1005.16 3.39549 0
1005.03 1.7566 1
1004.69 2.06048 0
1004.3 1.43143 0
1003.09 3.45501 0
1005.34 1.99977 0
1007.4 3.79703 1
1002.05 1.31363 0
1001.42 1.74799 0
1007.01 3.4532 0
1003.03 3.43761 1
1001.74 0.0753541 1
1007.06 2.71467 0
1001.43 3.42793 0
1006.45 3.8651 1
1002.36 0.387848 1
1004.27 3.61739 1
1006.14 1.71093 1
1002.3 1.90305 0
1003.96 2.47157 0
1002.37 0.146732 1
1007.15 2.57599 1
1004.88 1.22575 1
1003.23 2.90295 0
1005.04 2.61809 1
1000.66 0.881687 0
1005.57 2.42097 1
1001.79 3.92515 0
1000.14 1.98161 0
1001.12 2.29327 0
1007.04 1.4948 0
1000.8 0.126167 0
1005.49 2.2719 0
1006.31 2.68424 1
1002.21 0.0459718 1
1007.94 0.973362 1
1005.91 0.0559832 1
1004.7 2.1357 0
1007.26 1.12976 1
1002.51 3.88293 1
1004.31 3.45538 1
1004.28 3.6243 0
1007.34 1.94821 0
1005.84 1.3191 0
1002.75 3.37394 1
1003.02 3.90038 0
1002.06 0.593477 0
1000.95 0.114744 1
1007.14 1.35972 1
1001.97 3.18641 0
1002.27 2.19714 0
1007.03 3.98008 1
1006.71 3.32185 1
1006.44 2.20826 1
1005.6 3.1722 0
1006.57 0.824692 0
1004.37 1.84904 0
1002.07 1.52137 1
1007.44 0.118416 0
1000.2 0.158995 0
1006.96 0.741746 0
1005.9 2.31998 1
1002.98 1.49386 1
1004.64 2.93928 0
1001.58 0.202988 1
1003.45 3.49413 1
1007.23 2.22011 0
1004.76 0.803695 1
1003.09 3.47974 1
1003.6 3.51844 1
1002.02 3.27709 1
1004.43 3.70721 0
1007.82 3.50524 1
1006 0.82231 1
1006.08 3.75503 1
1001.12 1.48653 0
1001.93 3.84448 1
1006.73 0.846811 1
1000.25 2.12891 0
1003.67 3.53992 1
1006.09 2.17342 0
1005.99 2.4583 0
1004.43 2.97941 0
1000.93 2.74114 0
1005.17 3.47583 0
1000.65 2.25609 1
1000.77 2.02986 1
1003.14 0.131769 1
1004.61 3.34833 0
1003.61 3.31591 0
1004.59 2.79875 1
1003.08 3.66822 1
1006.29 0.391667 0
1005.3 0.39783 0
1004.86 2.70003 0
1005.66 1.22133 1
1001.14 3.27188 0
1005.18 1.77699 0
1001.15 1.18825 1
1001.71 3.83785 0
1000.46 0.315204 0
1001.43 3.3804 0
1004.16 3.16389 0
1000.77 3.75062 1
1006.05 0.487129 0
1004.53 1.72742 1
1005.83 2.13779 0
1003.95 3.19665 1
1007.02 3.23983 1
1005.24 2.99243 0
1004.31 2.50381 0
1004.51 3.66211 1
1000.3 2.8276 1
1001.11 1.38064 1
1007.04 2.20872 0
1002.81 3.01546 1
1004.51 0.781622 1
1007.55 0.507708 1
1006.02 3.18908 1
1005.7 3.96836 1
1005.59 1.43012 0
1005.62 2.667 0
1001.75 2.06447 1
1002.16 3.52245 1
1000.61 0.340401 0
1001.7 1.78693 1
1001.95 2.48044 1
1004.9 3.66847 1
1002.2 0.241402 0
1005.82 3.41739 0
1002.96 2.06177 1
1003.17 1.26352 0
1003.21 2.10774 1
1007.79 3.97494 0
1004.91 3.43724 1
1006.21 3.52549 0
1007.53 2.74467 1
1004.32 2.35216 1
1000.83 0.524639 1
1003.58 0.102694 1
1004.42 1.85287 0
1003.66 0.155763 0
1007.19 3.67364 1
1006.4 3.3363 0
1004.16 3.01664 1
1002.74 0.100738 1
1001.25 2.09261 0
1004.39 3.66731 1
1003.04 3.64972 0
1007.61 1.48661 0
1002.32 0.818524 0
1000.31 1.0002 1
1000.03 0.966708 1
1002.13 2.36572 1
1000.92 2.94924 1
1005.23 1.91197 0
1003.12 1.57022 1
1006.11 3.11587 1
1007.87 2.86284 1
1007.73 3.90185 1
1001.74 0.80379 1
1006.34 0.433908 0
1006.77 3.73518 1
1003.29 1.34087 1
1005.82 1.62112 0
1001.47 1.34164 0
1000.41 2.76146 1
1005.33 3.08558 1
1007.78 1.21297 0
1003.29 1.09669 1
1001.66 0.968205 1
1004.62 1.16613 1
1005.57 2.26386 1
1007.21 1.37309 0
1000.27 0.95619 0
1000.08 3.82495 0
1002.08 3.79759 1
1001.79 1.67673 1
1005.29 2.74453 0
1007.82 1.89304 1
1000.31 1.36226 1
1005.47 2.41775 0
1006.75 3.44991 1
1006.55 3.99747 1
1007.59 2.33685 0
1000.03 2.7124 1
1002.91 2.62066 1
1001.03 1.78669 1
1006.3 2.28766 1
1001.41 0.00537595 0
1006.91 2.42195 0
1004.84 2.84189 1
1002.36 2.04052 0
1001.51 1.31929 1
1007.88 3.46335 0
1002.5 3.64297 1
1003.86 1.55723 1
1003.13 3.03748 1
1002.92 2.21044 1
1002.1 2.79098 1
1001.66 0.997131 0
1004.63 3.27423 0
1005.48 3.37175 1
1006.03 3.83426 1
1002.78 2.66989 0
1003.41 2.29677 1
1001.01 3.72004 1
1005.02 1.13898 1
1004.27 3.21401 0
1004.98 0.721247 1
1000.19 1.41893 0
1002.51 1.60003 1
1000.54 3.63447 0
1003.86 1.57078 1
1002.58 0.189752 1
1002.66 3.7886 1
1006.01 0.0713212 0
1001.59 2.62627 1
1000.09 3.93008 1
1003.06 0.0463816 1
1007.36 1.54186 0
1006.23 0.921423 0
1002.22 0.0485463 1
1007.67 3.34967 0
1006.84 1.8221 0
1000.9 3.04726 0
1005.95 1.09243 1
1002.28 1.73502 1
1006.55 2.08479 1
1006.01 2.48232 0
1005.06 2.99828 0
1004.7 0.462026 0
1004.57 1.53838 1
1001.17 3.08163 0
1000.35 1.01801 1
1005.51 2.37788 1
1000.93 0.564289 0
1006.09 3.21241 1
1004.42 2.14356 1
1005.21 1.15326 0
1005.38 0.310094 0
1006.78 2.84827 1
1007.73 2.91067 0
1002.58 3.01117 0
1007.15 1.06865 0
1000.56 0.806369 0
1005.9 0.145017 1
1002.6 1.37801 0
1003.38 2.06742 0
1001.83 2.10746 0
1002.04 1.52424 0
1001.07 0.0504915 1
1002.24 1.27801 0
1004.17 2.93247 0
1006.15 2.94238 0
1000.64 1.03503 0
1006.2 3.63289 1
1003.48 3.73391 0
1002.52 0.201384 1
1000.5 1.12309 1
1004.8 0.637372 0
1007.14 2.66319 1
1003.21 0.109597 1
1002.29 3.38877 1
1006.04 3.02274 0
1005.51 1.06533 1
1002.53 0.585678 0
1003.42 3.71281 0
1000.7 1.66083 1
1000.65 2.11513 0
1004.45 1.59043 1
1001.96 3.78998 1
1005.63 3.88165 1
1001.89 0.283378 0
1001.74 3.39256 0
1006.21 2.62191 1
1000.57 3.28303 0
1002.8 1.94294 1
1007.07 2.3919 0
1004.36 2.60866 1
1004.98 1.27632 1
1003.12 0.148165 0
1007.08 1.38331 1
1000.01 3.69426 1
1005.95 1.47726 1
1006.84 3.4311 1
1003.65 2.99055 0
1003.2 3.9796 1
1002.51 3.56347 1
1007.42 1.17782 0
1005.12 2.25094 0
1003.89 0.000136392 0
1002.95 3.74905 0
1006.36 1.29625 0
1000.57 3.31732 1
1006.59 2.00754 0
1003.14 1.50232 0
1005.36 0.612816 1
1005.73 2.43346 1
1004.87 2.66192 0
1004.82 3.02938 1
1000.65 0.659759 1
1007.95 3.60234 1
1003.22 0.473942 1
1003.95 3.19528 0
1007.62 0.998503 1
1006.86 1.70528 0
1000.73 1.21227 1
1000.48 2.58513 1
1006.49 2.9636 1
1005.13 3.67815 1
1000.3 2.32281 1
1003.04 3.82021 0
1001.64 0.682435 1
1004.78 3.47887 0
1001.38 3.89278 1
1004.96 1.90239 0
1001.73 2.67981 0
1004.72 3.44075 0
1003.53 2.96445 1
1005.57 3.42319 0
1000.21 0.605885 1
1000.17 1.97028 0
1003.73 2.78132 0
1001.37 3.20879 0
1003.78 3.00854 1
1004.9 0.589384 1
1007.11 3.39505 1
1005.64 0.102332 1
1001.42 1.79592 0
1007.53 2.66543 0
1002.89 3.27757 0
1004.97 0.0339824 0
1006.09 0.66179 1
1002.5 3.37816 1
1005.55 1.19916 1
1002.6 1.08538 1
1005.76 1.9325 1
1001.2 0.371546 1
1007.3 2.24697 1
1004.56 3.85529 1
1001.03 3.13196 1
1005.02 0.519953 1
1003.44 1.71677 1
1005.6 3.39009 1
1002.65 3.83298 0
1000.41 0.607716 0
1005.71 0.140322 0
1007.99 0.499537 1
1007.26 1.27442 1
1003.59 0.85422 0
1005.14 2.29974 1
1003.38 3.56438 1
1006.79 3.38756 0
1007.99 0.898127 0
1002.08 1.44462 0
1003.89 2.44474 0
1007.44 3.82772 1
1001.36 3.14224 0
1002.88 3.5611 0
1006.25 3.68268 1
1006.14 3.07718 1
1007.95 1.58023 0
1006.05 1.9011 0
1000.69 3.59459 0
1006.84 2.26196 0
1002.81 2.60555 0
1004.33 3.98324 1
1007.33 0.122251 0
1006.4 1.93968 0
1007.04 3.71716 0
1003.24 2.23633 1
1003.66 2.05846 0
1000.64 3.60762 0
1004.43 0.714629 0
1001.4 2.54881 0
1005.34 1.48691 0
1006.85 0.901622 1
1001.24 1.23375 0
1006.94 1.00504 0
1006.13 2.2302 1
1003.68 3.9117 1
1001.25 1.67935 1
1000.46 2.10278 1
1007.18 0.787937 1
1003.38 1.81498 0
1006.1 3.45403 0
1000.92 0.746483 1
1005.95 2.37406 0
1004.57 0.0150312 1
1003.39 1.29634 1
1006.8 1.92428 0
1005.42 1.5915 1
1006.81 3.96785 0
1006.84 3.25547 0
1000 0.793858 1
1006.34 2.31 1
1004.65 0.658675 0
1003.91 0.602061 1
1005.05 2.76374 0
1000.71 2.34803 1
1004.63 0.350425 1
1007.21 3.19096 1
1007.97 1.02221 1
1006.66 2.37966 0
1006.08 0.972198 0
1003.15 3.61861 1
1004.76 2.69043 1
1002.08 2.97946 1
1006.66 0.716234 0
1007.81 2.71079 0
1007.47 1.13014 1
1007.02 3.65117 0
1001.25 2.3991 0
1004.04 1.88896 1
1001.16 3.63736 0
1005.23 1.63694 0
1004.71 2.06426 1
1001.55 3.42613 0
1001.11 1.19713 1
1001.7 0.295701 1
1005.39 2.15565 1
1000.09 1.96752 1
1003.21 0.250196 1
1003.77 3.21402 0
1002.56 3.05091 1
1004.95 0.653063 1
1003.7 2.13464 1
1004.86 1.71355 0
1007.74 3.83945 0
1003.61 2.9502 1
1006.4 2.77965 1
1003.99 1.80196 0
1001.71 3.82854 1
1000.96 3.88668 1
1004.04 1.46258 1
1006.35 1.20043 1
1002.08 3.41445 1
1004.73 3.49694 1
1004.55 1.89223 0
1007.39 3.98045 1
1007.62 0.86751 1
1001.51 2.24019 0
1007.41 3.65266 1
1001.71 0.803962 0
1000.44 0.883356 0
1000.76 2.99849 0
1001.78 2.8007 1
1005.56 2.46938 0
1006.67 1.00895 1
1006.5 1.50311 0
1002.31 2.09374 0
1005.8 3.75503 1
1001.28 0.641636 1
1007.28 1.84728 1
1001.3 2.60274 1
1002.14 2.24774 0
1006.51 0.899982 1
1004.81 3.36667 0
1002.92 3.28854 0
1006.09 1.46954 0
1004.22 1.17339 0
1006.04 0.376213 0
1005.96 3.39791 1
1003.29 1.11704 1
1004.03 0.960171 0
1000.65 0.865891 1
1000.31 1.54667 0
1006.03 1.61958 1
1005.59 3.58059 0
1007.91 1.16084 0
1001.12 0.580072 1
1003.39 3.44691 1
1000.81 2.51488 1
1006.76 0.113196 0
1003.32 0.666519 0
1004.57 1.61316 0
1002.39 0.682152 0
1003.69 0.375004 1
1001.91 3.07313 1
1005.04 3.71285 0
1004.46 2.50055 1
1005.23 2.1822 0
1005.7 3.87691 1
1002.98 2.75316 0
1006.87 1.10659 0
1002.96 3.92067 0
1005.99 0.286162 0
1008 3.45517 1
1003.91 0.102009 0
1004.57 0.978958 1
1001.71 1.79278 1
1001.09 0.481633 0
1003.18 0.864132 0
1001.57 0.939576 0
1002.45 2.59536 1
1004.1 1.73343 1
1003.67 3.28675 1
1000.53 1.41881 1
1006.42 3.52033 0
1000 0.497284 1
1002.72 0.998304 1
1003.88 2.16651 0
1001.52 3.21729 0
1001.9 3.83987 0
1006.25 3.39438 1
1001.63 0.158389 1
1007.36 3.98142 1
1000.96 3.52105 1
1001.04 1.93088 1
1000.19 1.91118 0
1002.26 2.00922 0
1003.7 2.49032 1
1003.77 3.77117 0
1007.86 0.881923 0
1001.73 2.50494 0
1004.05 0.559814 0
1004.98 3.16852 1
1002.16 2.62343 0
1001.27 3.11901 0
1003.22 1.15272 1
1001.85 3.82546 1
1001.41 0.914552 0
1006.84 3.75066 0
1000.62 2.09495 1
1002.53 0.993409 1
1007.23 0.836598 1
1007.91 0.838701 0
1003.98 2.18866 0
1004.03 3.25085 1
1000.33 0.230459 0
1007.96 3.20501 0
1002.6 1.02121 0
1004.03 0.482011 1
1002.64 1.45794 0
1004.59 0.612172 0
1005.6 3.89809 0
1006.3 2.97212 1
1006.41 3.82869 0
1006.07 3.92961 0
1001.9 2.56804 0
1006.1 3.8037 1
1002.52 2.47783 1
1006.18 0.482024 1
1000.76 3.04972 1
1004.04 2.24225 0
1004.14 1.74264 1
1003.34 3.8834 0
1004.9 0.335406 0
1000.28 2.18538 1
1001.33 3.51304 0
1007.99 0.805393 1
1007.71 0.349852 0
1005.18 2.74764 1
1000.98 3.50948 1
1006.79 3.20599 0
1007.08 2.37409 0
1001.12 1.21597 0
