0.709555 2.16709 1
0.346538 1.65238 1
2.8884 1.09358 1
3.57385 3.5094 1
3.73933 0.687593 0
1.00527 2.20709 0
5.60263 2.5929 0
3.57929 1.22428 1
6.78274 3.75583 0
2.81642 0.13635 0
2.45986 0.460673 0
7.94015 0.133631 0
1.64245 1.71221 0
7.83862 0.933243 1
7.0523 2.01217 1
6.4729 2.22677 0
3.9652 3.76347 0
7.79963 3.47596 0
7.87326 2.05057 0
4.36841 0.830601 0
5.08563 0.199434 0
2.26535 1.39388 0
6.81209 2.33212 0
1.11779 1.43484 1
2.39661 3.46278 0
5.87748 0.175524 0
4.45219 2.37448 1
6.41015 0.52852 1
1.45591 3.74501 1
2.27778 1.39276 1
7.44977 0.494077 1
3.85783 0.457755 1
7.84107 0.757578 1
1.8662 2.45322 1
1.65538 0.51672 1
2.09048 2.98522 0
5.46046 1.99068 1
6.76687 2.15328 1
5.29472 3.60149 0
0.118488 2.21737 1
5.9499 3.92884 1
4.76412 0.5737 1
2.18084 2.63675 0
3.24393 1.02318 1
6.02772 3.54268 0
3.39193 0.635371 1
0.47372 0.897707 0
6.23015 0.623097 1
1.10388 3.11494 0
7.37728 1.06532 0
7.40414 1.38627 1
4.81891 2.82357 0
4.73251 1.89755 0
5.06584 1.32622 1
4.44785 1.32514 1
3.89647 3.34177 1
4.91342 1.4271 0
4.98485 3.57793 0
1.92841 1.83913 0
1.3254 1.19476 1
6.18463 0.617586 1
3.88761 3.49671 0
1.64369 3.4609 1
5.60534 0.935762 0
4.72573 2.70444 1
4.56473 2.32914 0
0.336532 2.56831 0
7.52615 3.41721 0
0.0695821 2.95109 1
4.89559 0.875641 0
0.673085 3.65306 1
1.17765 3.30999 0
4.02884 3.80333 1
4.26493 2.85676 1
2.85014 2.16359 1
3.16158 2.99161 0
3.8854 0.524159 1
2.7996 1.74051 0
2.78714 1.69987 1
2.01971 1.27415 1
2.15495 0.741057 1
7.19563 2.86442 0
2.05601 0.642367 1
7.26796 2.25456 1
5.55745 3.81856 1
3.11813 1.62732 0
6.65438 2.79042 1
0.129145 1.86911 0
5.22033 2.68239 0
3.09361 1.86266 0
5.01006 1.44189 0
7.39292 1.40799 1
2.45309 1.68288 0
6.6204 0.568568 1
6.71798 2.67327 0
1.08474 2.33576 1
2.0363 0.917602 1
5.56053 0.59138 1
4.06655 2.32338 1
7.46273 3.14 0
1.64575 2.85862 0
6.85437 1.48176 1
0.310041 1.74491 0
0.161337 2.77535 1
7.38589 1.21044 0
3.60365 0.803545 1
6.25385 3.18281 0
4.64561 1.76974 1
1.25672 3.55972 0
2.08294 2.04922 0
7.58825 1.05145 0
7.65359 1.74381 1
5.90852 0.637386 1
2.88186 1.75146 1
1.86853 2.15601 1
7.85151 3.24235 1
5.60413 1.6815 1
7.46143 3.45138 1
1.00565 2.93391 1
1.35545 0.373242 1
2.02126 1.84232 0
7.18756 0.979254 0
6.27053 2.44556 1
3.37582 2.18786 0
7.73872 0.2248 0
7.35235 1.37353 1
0.614895 2.52454 0
5.79557 0.357994 0
4.40063 1.00523 1
3.96897 1.37939 1
7.6499 2.10726 1
0.590244 3.79592 1
0.0414332 2.33634 0
7.41975 2.88946 0
2.82801 0.384519 1
1.48503 1.61966 1
5.24978 2.58017 0
7.91912 3.05908 1
2.33267 1.9099 0
3.41164 3.3002 0
3.27308 1.39049 0
0.559906 1.29932 1
3.36768 2.36623 1
7.97177 2.22595 1
1.61224 2.10612 0
2.33038 0.949275 0
5.71836 1.84756 1
2.29552 1.41892 0
5.61883 3.71496 1
2.02857 1.49445 1
7.72135 2.78907 1
2.03003 2.49367 0
1.19957 1.67749 1
5.25352 3.137 0
1.96911 3.88949 1
2.61683 0.342474 0
0.114878 1.04732 1
5.08354 3.99053 0
5.55919 0.894339 0
6.77602 0.706347 1
4.76767 0.202562 1
6.67912 1.84928 0
3.47754 0.547473 0
1.7799 3.37305 0
0.840743 2.37222 0
4.72549 1.78897 1
5.36661 3.6136 0
0.63989 2.5527 1
5.51053 3.81189 1
3.32233 2.21091 0
5.51676 0.875381 0
0.496856 1.61214 0
7.96873 2.61483 0
0.807588 0.99553 1
1.21826 0.426405 1
5.95822 3.21753 1
6.05883 3.34722 0
3.11626 2.24815 0
6.24707 2.53764 0
0.29957 0.560553 1
6.35076 3.6717 1
1.33447 1.97071 1
4.79422 3.82469 0
6.08445 1.83829 1
2.37102 2.9398 0
2.37592 2.85274 0
2.78076 3.02499 0
7.17109 3.72422 1
6.79184 0.155568 1
4.25255 1.00637 0
1.66213 3.54495 0
2.76648 1.01021 0
7.90002 0.707145 0
7.11977 0.372545 1
6.79507 1.13292 0
1.71427 0.164737 1
0.640612 0.084102 0
2.18095 1.65573 0
2.40135 0.869575 1
3.75956 3.73975 0
0.893784 2.46506 1
5.6752 0.417228 0
3.10029 3.44746 0
7.2244 2.96223 1
6.09266 2.97655 1
1.26455 1.34905 0
4.43725 3.85316 0
7.18581 1.56953 1
0.0691779 0.895968 0
2.62639 1.00361 0
0.902143 2.32555 1
2.57555 3.93096 1
5.81503 2.37486 0
7.44783 2.52924 0
4.7648 1.78961 1
6.71828 3.96915 1
1.73024 2.06168 0
6.13057 3.37325 0
3.3976 2.31229 1
4.4865 3.57541 0
3.90054 3.79159 0
4.64166 2.06329 0
7.7058 1.65767 0
3.25366 0.693646 0
5.51065 0.87168 0
0.489857 1.71193 0
0.0484391 0.9166 0
0.984012 0.250985 1
0.0851438 0.10879 0
4.34416 3.73318 0
2.78171 1.74518 1
4.87764 3.84278 1
1.42892 2.1799 1
7.78367 0.351726 1
2.53665 3.83342 1
0.168803 1.60176 0
3.42111 0.319063 1
0.104488 1.55701 1
6.60437 3.14463 0
5.97482 1.97042 1
0.300644 1.94991 0
4.60327 3.56437 0
6.79557 2.14174 0
7.48701 1.5329 1
3.70392 2.09954 0
7.31309 3.24431 0
4.77789 3.80809 1
3.55701 3.63489 0
3.16961 1.73948 1
2.6077 1.9292 0
0.141879 0.78669 1
4.63918 3.79298 0
3.78504 2.6052 0
3.69903 1.42306 1
2.46231 1.20754 1
1.68487 2.69305 1
0.865053 2.90948 1
1.67735 1.77007 1
5.11352 2.62183 0
4.82962 1.99256 0
1.19553 3.12366 1
1.09344 2.36419 1
7.14347 0.300563 0
5.98722 1.72602 1
1.271 1.15508 0
5.8503 3.60052 1
4.4447 3.10785 0
2.20082 3.40616 0
5.05963 2.80088 1
2.33015 2.8312 1
6.26352 1.64194 0
6.73593 3.99238 1
2.29492 2.71402 1
4.62907 3.86143 1
5.93855 3.91278 1
6.63787 2.11854 1
1.83885 1.91332 0
1.48904 1.7797 1
6.84329 3.97229 1
7.92934 3.55316 1
4.53435 0.270709 1
0.264271 2.73926 1
5.30407 2.29265 0
0.822375 0.938964 0
5.70457 0.745018 0
5.04944 2.23642 1
4.41742 1.47475 1
2.05581 3.52904 0
7.5995 0.470252 0
6.41902 0.995398 1
6.57609 2.2044 1
6.28672 3.65225 0
0.794528 0.444956 0
5.36276 1.06555 1
5.08058 1.60431 1
2.26671 2.34898 1
5.63847 2.74008 1
7.47096 3.89829 1
4.20536 3.72281 0
6.75012 3.7526 0
0.395119 0.83414 1
3.79937 3.56265 1
2.33392 2.8325 1
2.36297 2.87146 1
3.22308 0.0984067 1
7.99338 1.91976 1
3.28515 3.0933 1
5.69181 2.5871 0
6.84248 3.48426 1
6.09381 1.69143 1
1.04786 1.76908 0
1.28108 1.74759 0
3.692 3.73561 0
3.31074 3.96963 0
6.12587 3.28748 0
3.74916 1.10552 1
1.17956 2.8747 1
1.13226 0.377651 0
4.29346 2.36472 0
0.224635 0.501616 0
0.474449 0.638437 1
1.21614 3.74308 0
6.06112 1.50611 1
5.22327 2.53214 0
2.81369 0.817707 1
2.39072 2.68864 0
2.10672 1.85851 1
4.72025 3.1687 1
7.61428 2.92501 1
5.33618 1.68048 0
6.37318 1.66606 0
0.396406 0.804748 1
3.24491 3.83773 0
5.05274 2.64106 0
0.999131 0.289256 0
6.91591 3.86941 0
5.58884 1.94699 1
7.25493 3.76652 0
2.86516 1.76495 1
5.13939 1.61191 0
2.89928 2.81385 1
2.90981 1.16986 0
2.91824 0.301147 0
0.341108 2.27121 1
0.436383 3.86247 0
7.25799 3.58864 0
2.70716 3.27199 0
1.76782 1.92818 0
1.48407 3.12539 0
0.590494 1.8653 1
4.33289 0.965575 0
6.47356 2.85361 0
5.43217 1.72945 1
2.63617 1.96035 0
2.46468 2.099 0
0.0543723 2.71037 1
3.6715 2.75936 0
1.2493 3.11757 1
0.166298 2.55681 0
2.82083 2.43006 1
0.319026 2.07553 0
0.0717564 1.87822 1
7.95445 2.74421 1
2.90915 3.83427 1
5.18724 3.73979 1
5.71474 1.30669 0
7.72699 3.13746 1
3.13505 1.03535 1
6.22175 3.87199 0
3.50042 3.3539 1
4.19623 3.79944 0
7.26742 2.50548 1
4.49054 0.264346 0
3.14207 3.45498 1
5.18488 2.3036 1
6.67789 0.108856 0
7.96168 1.09164 0
0.891092 2.01156 0
3.622 1.19033 1
7.39161 0.939369 0
2.40743 1.11765 1
1.14525 3.08687 0
2.78095 2.91773 1
6.05318 1.21203 0
4.60734 0.775826 0
5.57476 0.196964 0
2.77459 3.38923 1
0.657196 1.71513 1
5.66556 2.06789 0
2.30953 0.516351 0
6.86817 1.89549 0
6.21505 2.4539 0
6.45946 2.20658 0
4.80709 1.45329 1
1.68504 0.658582 1
4.74743 3.89811 1
3.93201 3.01049 1
7.05369 3.18237 0
2.15572 0.940662 0
6.78913 2.8897 0
2.19256 1.75699 1
6.42056 3.25689 1
7.83095 0.164603 1
0.12543 3.92734 1
5.87567 0.107589 0
6.57992 2.81549 0
7.5123 2.84721 0
3.47382 2.14979 0
7.81355 2.41641 1
3.34662 1.62369 1
3.57658 0.39377 0
0.642227 3.37366 1
6.9625 1.02921 0
7.6894 3.14924 0
3.99291 3.69224 1
3.68405 0.526576 0
5.88598 0.899577 0
5.04653 0.0357133 0
0.858967 2.08306 0
2.91344 2.04228 1
6.14298 1.73318 1
1.76485 2.84822 1
5.08091 1.2686 0
3.59036 1.1788 0
4.15675 2.99713 0
6.06569 3.55955 1
3.28522 3.07575 1
2.23607 0.222476 0
3.91131 3.74649 0
5.18941 1.62275 0
5.78271 0.329202 0
3.016 3.64891 1
5.29209 2.77918 0
4.67745 1.10121 1
0.35392 1.35415 1
3.15326 3.11798 0
5.72893 0.590228 0
4.42596 0.087327 0
0.833058 0.111968 1
7.52176 3.21558 0
3.9895 1.69892 1
5.60026 1.22704 0
5.16239 3.39549 0
5.02692 1.7566 1
4.69365 2.06048 0
4.2956 1.43143 0
3.0868 3.45501 0
5.34117 1.99977 0
7.39737 3.79703 1
2.04815 1.31363 0
1.41824 1.74799 0
7.00917 3.4532 0
3.02736 3.43761 1
1.73808 0.0753541 1
7.06072 2.71467 0
1.42888 3.42793 0
6.44991 3.8651 1
2.35746 0.387848 1
4.27167 3.61739 1
6.14119 1.71093 1
2.29708 1.90305 0
3.9568 2.47157 0
2.37248 0.146732 1
7.14932 2.57599 1
4.88218 1.22575 1
3.2272 2.90295 0
5.04068 2.61809 1
0.658042 0.881687 0
5.56947 2.42097 1
1.78507 3.92515 0
0.143763 1.98161 0
1.1152 2.29327 0
7.03803 1.4948 0
0.7955 0.126167 0
5.48851 2.2719 0
6.30718 2.68424 1
2.21042 0.0459718 1
7.94224 0.973362 1
5.90994 0.0559832 1
4.6985 2.1357 0
7.26101 1.12976 1
2.51186 3.88293 1
4.30966 3.45538 1
4.27924 3.6243 0
7.34054 1.94821 0
5.84314 1.3191 0
2.75017 3.37394 1
3.01928 3.90038 0
2.06028 0.593477 0
0.952811 0.114744 1
7.14024 1.35972 1
1.96804 3.18641 0
2.26924 2.19714 0
7.03249 3.98008 1
6.70804 3.32185 1
6.44445 2.20826 1
5.60348 3.1722 0
6.57389 0.824692 0
4.36883 1.84904 0
2.07091 1.52137 1
7.43701 0.118416 0
0.196994 0.158995 0
6.96169 0.741746 0
5.90002 2.31998 1
2.98436 1.49386 1
4.63711 2.93928 0
1.57664 0.202988 1
3.44871 3.49413 1
7.2251 2.22011 0
4.75821 0.803695 1
3.09088 3.47974 1
3.59944 3.51844 1
2.02461 3.27709 1
4.43274 3.70721 0
7.8204 3.50524 1
5.99874 0.82231 1
6.08484 3.75503 1
1.11745 1.48653 0
1.93254 3.84448 1
6.72585 0.846811 1
0.247804 2.12891 0
3.67225 3.53992 1
6.09031 2.17342 0
5.99147 2.4583 0
4.42665 2.97941 0
0.931879 2.74114 0
5.17124 3.47583 0
0.645273 2.25609 1
0.769997 2.02986 1
3.13957 0.131769 1
4.61039 3.34833 0
3.61326 3.31591 0
4.59064 2.79875 1
3.07978 3.66822 1
6.28808 0.391667 0
5.29551 0.39783 0
4.85539 2.70003 0
5.66359 1.22133 1
1.13932 3.27188 0
5.17559 1.77699 0
1.15149 1.18825 1
1.71293 3.83785 0
0.459028 0.315204 0
1.42607 3.3804 0
4.16086 3.16389 0
0.770442 3.75062 1
6.045 0.487129 0
4.52824 1.72742 1
5.83133 2.13779 0
3.95127 3.19665 1
7.0237 3.23983 1
5.24047 2.99243 0
4.31265 2.50381 0
4.50886 3.66211 1
0.298473 2.8276 1
1.11003 1.38064 1
7.03685 2.20872 0
2.81073 3.01546 1
4.51057 0.781622 1
7.54811 0.507708 1
6.02304 3.18908 1
5.70238 3.96836 1
5.59191 1.43012 0
5.62151 2.667 0
1.75144 2.06447 1
2.15986 3.52245 1
0.60815 0.340401 0
1.69622 1.78693 1
1.95201 2.48044 1
4.8976 3.66847 1
2.19717 0.241402 0
5.81681 3.41739 0
2.96371 2.06177 1
3.16844 1.26352 0
3.20784 2.10774 1
7.78933 3.97494 0
4.91076 3.43724 1
6.21142 3.52549 0
7.53378 2.74467 1
4.3241 2.35216 1
0.82785 0.524639 1
3.57631 0.102694 1
4.42087 1.85287 0
3.65561 0.155763 0
7.18601 3.67364 1
6.39825 3.3363 0
4.16193 3.01664 1
2.7376 0.100738 1
1.25075 2.09261 0
4.39062 3.66731 1
3.04035 3.64972 0
7.61096 1.48661 0
2.3205 0.818524 0
0.309641 1.0002 1
0.0336924 0.966708 1
2.13489 2.36572 1
0.916667 2.94924 1
5.23309 1.91197 0
3.12337 1.57022 1
6.11366 3.11587 1
7.86878 2.86284 1
7.7261 3.90185 1
1.73711 0.80379 1
6.33902 0.433908 0
6.76629 3.73518 1
3.2943 1.34087 1
5.82218 1.62112 0
1.47397 1.34164 0
0.408974 2.76146 1
5.32661 3.08558 1
7.77873 1.21297 0
3.29375 1.09669 1
1.66375 0.968205 1
4.61815 1.16613 1
5.5745 2.26386 1
7.211 1.37309 0
0.269096 0.95619 0
0.0835322 3.82495 0
2.07584 3.79759 1
1.78855 1.67673 1
5.28987 2.74453 0
7.82133 1.89304 1
0.31379 1.36226 1
5.4707 2.41775 0
6.74788 3.44991 1
6.54973 3.99747 1
7.59011 2.33685 0
0.0271551 2.7124 1
2.91387 2.62066 1
1.02739 1.78669 1
6.2979 2.28766 1
1.41081 0.00537595 0
6.91057 2.42195 0
4.83884 2.84189 1
2.35749 2.04052 0
1.50585 1.31929 1
7.8799 3.46335 0
2.50008 3.64297 1
3.86126 1.55723 1
3.12521 3.03748 1
2.91886 2.21044 1
2.10466 2.79098 1
1.66301 0.997131 0
4.63285 3.27423 0
5.47515 3.37175 1
6.02945 3.83426 1
2.78299 2.66989 0
3.41475 2.29677 1
1.01442 3.72004 1
5.02204 1.13898 1
4.27221 3.21401 0
4.97646 0.721247 1
0.186003 1.41893 0
2.50638 1.60003 1
0.539843 3.63447 0
3.86249 1.57078 1
2.58164 0.189752 1
2.65746 3.7886 1
6.00522 0.0713212 0
1.58514 2.62627 1
0.0903892 3.93008 1
3.06021 0.0463816 1
7.36171 1.54186 0
6.22528 0.921423 0
2.22235 0.0485463 1
7.6743 3.34967 0
6.84198 1.8221 0
0.896738 3.04726 0
5.95467 1.09243 1
2.27762 1.73502 1
6.55376 2.08479 1
6.01242 2.48232 0
5.06173 2.99828 0
4.69591 0.462026 0
4.56826 1.53838 1
1.17128 3.08163 0
0.348111 1.01801 1
5.50606 2.37788 1
0.925338 0.564289 0
6.09321 3.21241 1
4.4214 2.14356 1
5.21116 1.15326 0
5.38329 0.310094 0
6.78345 2.84827 1
7.73255 2.91067 0
2.5771 3.01117 0
7.15091 1.06865 0
0.562127 0.806369 0
5.89985 0.145017 1
2.59656 1.37801 0
3.3762 2.06742 0
1.83138 2.10746 0
2.03627 1.52424 0
1.07083 0.0504915 1
2.23828 1.27801 0
4.16876 2.93247 0
6.15497 2.94238 0
0.640769 1.03503 0
6.20491 3.63289 1
3.48071 3.73391 0
2.51631 0.201384 1
0.503752 1.12309 1
4.8022 0.637372 0
7.13968 2.66319 1
3.21113 0.109597 1
2.28925 3.38877 1
6.04332 3.02274 0
5.51331 1.06533 1
2.53344 0.585678 0
3.41753 3.71281 0
0.700373 1.66083 1
0.648046 2.11513 0
4.44945 1.59043 1
1.95841 3.78998 1
5.62544 3.88165 1
1.89398 0.283378 0
1.73811 3.39256 0
6.21076 2.62191 1
0.565497 3.28303 0
2.79631 1.94294 1
7.06675 2.3919 0
4.36376 2.60866 1
4.98062 1.27632 1
3.1194 0.148165 0
7.08146 1.38331 1
0.0104422 3.69426 1
5.95457 1.47726 1
6.8404 3.4311 1
3.64601 2.99055 0
3.19841 3.9796 1
2.51183 3.56347 1
7.42326 1.17782 0
5.12225 2.25094 0
3.89041 0.000136392 0
2.95479 3.74905 0
6.36031 1.29625 0
0.573593 3.31732 1
6.59384 2.00754 0
3.142 1.50232 0
5.36028 0.612816 1
5.72752 2.43346 1
4.86719 2.66192 0
4.82195 3.02938 1
0.651268 0.659759 1
7.95416 3.60234 1
3.21975 0.473942 1
3.95253 3.19528 0
7.6162 0.998503 1
6.86392 1.70528 0
0.734395 1.21227 1
0.483315 2.58513 1
6.48979 2.9636 1
5.13189 3.67815 1
0.304188 2.32281 1
3.03618 3.82021 0
1.63743 0.682435 1
4.77542 3.47887 0
1.38229 3.89278 1
4.95582 1.90239 0
1.73198 2.67981 0
4.71593 3.44075 0
3.52711 2.96445 1
5.56932 3.42319 0
0.211241 0.605885 1
0.169509 1.97028 0
3.72611 2.78132 0
1.36742 3.20879 0
3.77721 3.00854 1
4.89858 0.589384 1
7.10767 3.39505 1
5.63647 0.102332 1
1.41643 1.79592 0
7.5324 2.66543 0
2.8935 3.27757 0
4.97271 0.0339824 0
6.08505 0.66179 1
2.50235 3.37816 1
5.54643 1.19916 1
2.60297 1.08538 1
5.7626 1.9325 1
1.19585 0.371546 1
7.29823 2.24697 1
4.56191 3.85529 1
1.03416 3.13196 1
5.02025 0.519953 1
3.43822 1.71677 1
5.60431 3.39009 1
2.64518 3.83298 0
0.409047 0.607716 0
5.70938 0.140322 0
7.99123 0.499537 1
7.263 1.27442 1
3.58875 0.85422 0
5.14199 2.29974 1
3.37967 3.56438 1
6.79471 3.38756 0
7.99055 0.898127 0
2.0769 1.44462 0
3.88832 2.44474 0
7.43832 3.82772 1
1.36387 3.14224 0
2.88397 3.5611 0
6.25095 3.68268 1
6.14048 3.07718 1
7.95062 1.58023 0
6.04971 1.9011 0
0.691674 3.59459 0
6.84461 2.26196 0
2.8084 2.60555 0
4.3333 3.98324 1
7.33184 0.122251 0
6.39887 1.93968 0
7.03981 3.71716 0
3.2365 2.23633 1
3.66184 2.05846 0
0.640842 3.60762 0
4.42635 0.714629 0
1.39574 2.54881 0
5.34213 1.48691 0
6.85317 0.901622 1
1.23756 1.23375 0
6.94018 1.00504 0
6.127 2.2302 1
3.67565 3.9117 1
1.25265 1.67935 1
0.456329 2.10278 1
7.17938 0.787937 1
3.37912 1.81498 0
6.09746 3.45403 0
0.918133 0.746483 1
5.95338 2.37406 0
4.57152 0.0150312 1
3.38876 1.29634 1
6.79824 1.92428 0
5.42442 1.5915 1
6.81296 3.96785 0
6.84376 3.25547 0
0.00391167 0.793858 1
6.33585 2.31 1
4.65006 0.658675 0
3.91003 0.602061 1
5.05267 2.76374 0
0.710479 2.34803 1
4.63175 0.350425 1
7.2118 3.19096 1
7.96963 1.02221 1
6.66442 2.37966 0
6.07666 0.972198 0
3.14852 3.61861 1
4.76469 2.69043 1
2.07691 2.97946 1
6.65977 0.716234 0
7.81438 2.71079 0
7.46599 1.13014 1
7.01958 3.65117 0
1.24674 2.3991 0
4.03541 1.88896 1
1.15877 3.63736 0
5.23365 1.63694 0
4.70635 2.06426 1
1.5501 3.42613 0
1.11253 1.19713 1
1.69659 0.295701 1
5.3896 2.15565 1
0.0892229 1.96752 1
3.20976 0.250196 1
3.77428 3.21402 0
2.55657 3.05091 1
4.95408 0.653063 1
3.70038 2.13464 1
4.86069 1.71355 0
7.7384 3.83945 0
3.61392 2.9502 1
6.4008 2.77965 1
3.98734 1.80196 0
1.70574 3.82854 1
0.963207 3.88668 1
4.04263 1.46258 1
6.35225 1.20043 1
2.07975 3.41445 1
4.7293 3.49694 1
4.55319 1.89223 0
7.38838 3.98045 1
7.61797 0.86751 1
1.50837 2.24019 0
7.40554 3.65266 1
1.70618 0.803962 0
0.436816 0.883356 0
0.760599 2.99849 0
1.78144 2.8007 1
5.56229 2.46938 0
6.67378 1.00895 1
6.49828 1.50311 0
2.31153 2.09374 0
5.79541 3.75503 1
1.27677 0.641636 1
7.28025 1.84728 1
1.29596 2.60274 1
2.14424 2.24774 0
6.51337 0.899982 1
4.80617 3.36667 0
2.92082 3.28854 0
6.08714 1.46954 0
4.22235 1.17339 0
6.04134 0.376213 0
5.9579 3.39791 1
3.29129 1.11704 1
4.03404 0.960171 0
0.653675 0.865891 1
0.308865 1.54667 0
6.03242 1.61958 1
5.58594 3.58059 0
7.9136 1.16084 0
1.11749 0.580072 1
3.39422 3.44691 1
0.814161 2.51488 1
6.76154 0.113196 0
3.31974 0.666519 0
4.57219 1.61316 0
2.3875 0.682152 0
3.68598 0.375004 1
1.91015 3.07313 1
5.04008 3.71285 0
4.45547 2.50055 1
5.22749 2.1822 0
5.69744 3.87691 1
2.98014 2.75316 0
6.87062 1.10659 0
2.9632 3.92067 0
5.98761 0.286162 0
7.99803 3.45517 1
3.91145 0.102009 0
4.56842 0.978958 1
1.71174 1.79278 1
1.09187 0.481633 0
3.17645 0.864132 0
1.56961 0.939576 0
2.45147 2.59536 1
4.10106 1.73343 1
3.67088 3.28675 1
0.531414 1.41881 1
6.42317 3.52033 0
0.00392224 0.497284 1
2.72283 0.998304 1
3.87576 2.16651 0
1.52374 3.21729 0
1.90145 3.83987 0
6.25323 3.39438 1
1.62637 0.158389 1
7.35743 3.98142 1
0.957413 3.52105 1
1.03871 1.93088 1
0.194783 1.91118 0
2.25694 2.00922 0
3.69817 2.49032 1
3.76939 3.77117 0
7.85911 0.881923 0
1.72669 2.50494 0
4.05198 0.559814 0
4.98139 3.16852 1
2.15939 2.62343 0
1.2653 3.11901 0
3.21865 1.15272 1
1.84777 3.82546 1
1.41476 0.914552 0
6.83898 3.75066 0
0.620947 2.09495 1
2.52694 0.993409 1
7.23368 0.836598 1
7.91121 0.838701 0
3.98284 2.18866 0
4.02824 3.25085 1
0.330801 0.230459 0
7.96224 3.20501 0
2.59993 1.02121 0
4.02923 0.482011 1
2.63722 1.45794 0
4.59328 0.612172 0
5.60167 3.89809 0
6.29788 2.97212 1
6.40515 3.82869 0
6.0674 3.92961 0
1.90163 2.56804 0
6.10011 3.8037 1
2.52329 2.47783 1
6.18001 0.482024 1
0.760234 3.04972 1
4.04368 2.24225 0
4.14188 1.74264 1
3.3445 3.8834 0
4.90288 0.335406 0
0.278221 2.18538 1
1.32643 3.51304 0
7.99013 0.805393 1
7.71023 0.349852 0
5.18421 2.74764 1
0.980553 3.50948 1
6.78574 3.20599 0
7.08279 2.37409 0
1.11894 1.21597 0
