0.701613 2.16563 1
0.342278 1.64096 1
2.87862 1.0932 1
3.55364 3.50202 1
3.73248 0.704116 0
1.00616 2.19585 0
5.61258 2.59091 0
3.58847 1.23086 1
6.79006 3.70001 0
2.8229 0.221376 0
2.46443 0.469134 0
7.94992 0.220646 0
1.63367 1.71552 0
7.8442 0.941393 1
7.06148 2.00012 1
6.45664 2.22201 0
3.94961 3.71516 0
7.81716 3.46605 0
7.88461 2.05232 0
4.36768 0.831927 0
5.0911 0.265508 0
2.21644 1.39005 0
6.81252 2.33559 0
1.10555 1.43715 1
2.40593 3.45405 0
5.88095 0.247319 0
4.4444 2.37034 1
6.41962 0.52443 1
1.4498 3.69822 1
2.32602 1.3952 1
7.44156 0.501741 1
3.85437 0.452414 1
7.84433 0.752626 1
1.85927 2.4543 1
1.63856 0.523571 1
2.09529 2.99053 0
5.46969 1.99116 1
6.7598 2.14131 1
5.29308 3.57948 0
0.103521 2.21905 1
5.94771 3.83192 1
4.75764 0.573076 1
2.18963 2.63765 0
3.24843 1.01878 1
6.04702 3.52549 0
3.38555 0.629339 1
0.47696 0.894963 0
6.25383 0.631046 1
1.09806 3.09979 0
7.36934 1.06125 0
7.41746 1.36046 1
4.82761 2.8313 0
4.73365 1.90111 0
5.07536 1.31411 1
4.43702 1.32866 1
3.91608 3.31595 1
4.89021 1.42881 0
4.98036 3.56086 0
1.92603 1.84703 0
1.31812 1.18361 1
6.17113 0.623403 1
3.87034 3.48753 0
1.65301 3.45069 1
5.60773 0.945558 0
4.72589 2.7065 1
4.57338 2.32194 0
0.338529 2.57226 0
7.52902 3.41283 0
0.0555403 2.95449 1
4.89199 0.874039 0
0.661646 3.62092 1
1.17321 3.3089 0
4.04247 3.75622 1
4.25722 2.85107 1
2.84731 2.18115 1
3.16167 2.98612 0
3.89827 0.543035 1
2.79494 1.75956 0
2.7819 1.69345 1
2.01029 1.26446 1
2.16801 0.739584 1
7.20189 2.86219 0
2.04593 0.631035 1
7.28013 2.25812 1
5.55349 3.7472 1
3.13568 1.62904 0
6.63909 2.80284 1
0.124334 1.86839 0
5.22307 2.68197 0
3.11024 1.87914 0
5.01359 1.45972 0
7.38012 1.4271 1
2.43867 1.69242 0
6.64153 0.580685 1
6.71595 2.67679 0
1.08947 2.35116 1
2.02861 0.916159 1
5.55575 0.593506 1
4.05055 2.32018 1
7.46907 3.12833 0
